         501 ,  -858993460
         501 ,  -858993460
         501 ,  -858993460
         501 ,  -858993460
         502 ,  -858993460
         502 ,  -858993460
         502 ,  -858993460
         502 ,  -858993460
         503 ,  -858993460
         503 ,  -858993460
         503 ,  -858993460
         503 ,  -858993460
         504 ,  -858993460
         504 ,  -858993460
         504 ,  -858993460
         504 ,  -858993460
         505 ,  -858993460
         505 ,  -858993460
         505 ,  -858993460
         505 ,  -858993460
         506 ,  -858993460
         506 ,  -858993460
         506 ,  -858993460
         506 ,  -858993460
         507 ,  -858993460
         507 ,  -858993460
         507 ,  -858993460
         507 ,  -858993460
         508 ,  -858993460
         508 ,  -858993460
         508 ,  -858993460
         508 ,  -858993460
         509 ,  -858993460
         509 ,  -858993460
         509 ,  -858993460
         509 ,  -858993460
         510 ,  -858993460
         510 ,  -858993460
         510 ,  -858993460
         510 ,  -858993460
         511 ,  -858993460
         511 ,  -858993460
         511 ,  -858993460
         511 ,  -858993460
         512 ,  -858993460
         512 ,  -858993460
         512 ,  -858993460
         512 ,  -858993460
         513 ,  -858993460
         513 ,  -858993460
         513 ,  -858993460
         513 ,  -858993460
         514 ,  -858993460
         514 ,  -858993460
         514 ,  -858993460
         514 ,  -858993460
         515 ,  -858993460
         515 ,  -858993460
         515 ,  -858993460
         515 ,  -858993460
         516 ,  -858993460
         516 ,  -858993460
         516 ,  -858993460
         516 ,  -858993460
         517 ,  -858993460
         517 ,  -858993460
         517 ,  -858993460
         517 ,  -858993460
         518 ,  -858993460
         518 ,  -858993460
         518 ,  -858993460
         518 ,  -858993460
         519 ,  -858993460
         519 ,  -858993460
         519 ,  -858993460
         519 ,  -858993460
         520 ,  -858993460
         520 ,  -858993460
         520 ,  -858993460
         520 ,  -858993460
         521 ,  -858993460
         521 ,  -858993460
         521 ,  -858993460
         521 ,  -858993460
         522 ,  -858993460
         522 ,  -858993460
         522 ,  -858993460
         522 ,  -858993460
         523 ,  -858993460
         523 ,  -858993460
         523 ,  -858993460
         523 ,  -858993460
         524 ,  -858993460
         524 ,  -858993460
         524 ,  -858993460
         524 ,  -858993460
         525 ,  -858993460
         525 ,  -858993460
         525 ,  -858993460
         525 ,  -858993460
         526 ,  -858993460
         526 ,  -858993460
         526 ,  -858993460
         526 ,  -858993460
         527 ,  -858993460
         527 ,  -858993460
         527 ,  -858993460
         527 ,  -858993460
         528 ,  -858993460
         528 ,  -858993460
         528 ,  -858993460
         528 ,  -858993460
         529 ,  -858993460
         529 ,  -858993460
         529 ,  -858993460
         529 ,  -858993460
         530 ,  -858993460
         530 ,  -858993460
         530 ,  -858993460
         530 ,  -858993460
         531 ,  -858993460
         531 ,  -858993460
         531 ,  -858993460
         531 ,  -858993460
         532 ,  -858993460
         532 ,  -858993460
         532 ,  -858993460
         532 ,  -858993460
         533 ,  -858993460
         533 ,  -858993460
         533 ,  -858993460
         533 ,  -858993460
         534 ,  -858993460
         534 ,  -858993460
         534 ,  -858993460
         534 ,  -858993460
         535 ,  -858993460
         535 ,  -858993460
         535 ,  -858993460
         535 ,  -858993460
         536 ,  -858993460
         536 ,  -858993460
         536 ,  -858993460
         536 ,  -858993460
         537 ,  -858993460
         537 ,  -858993460
         537 ,  -858993460
         537 ,  -858993460
         538 ,  -858993460
         538 ,  -858993460
         538 ,  -858993460
         538 ,  -858993460
         539 ,  -858993460
         539 ,  -858993460
         539 ,  -858993460
         539 ,  -858993460
         540 ,  -858993460
         540 ,  -858993460
         540 ,  -858993460
         540 ,  -858993460
         541 ,  -858993460
         541 ,  -858993460
         541 ,  -858993460
         541 ,  -858993460
         542 ,  -858993460
         542 ,  -858993460
         542 ,  -858993460
         542 ,  -858993460
         543 ,  -858993460
         543 ,  -858993460
         543 ,  -858993460
         543 ,  -858993460
         544 ,  -858993460
         544 ,  -858993460
         544 ,  -858993460
         544 ,  -858993460
         545 ,  -858993460
         545 ,  -858993460
         545 ,  -858993460
         545 ,  -858993460
         546 ,  -858993460
         546 ,  -858993460
         546 ,  -858993460
         546 ,  -858993460
         547 ,  -858993460
         547 ,  -858993460
         547 ,  -858993460
         547 ,  -858993460
         548 ,  -858993460
         548 ,  -858993460
         548 ,  -858993460
         548 ,  -858993460
         549 ,  -858993460
         549 ,  -858993460
         549 ,  -858993460
         549 ,  -858993460
         550 ,  -858993460
         550 ,  -858993460
         550 ,  -858993460
         550 ,  -858993460
         551 ,  -858993460
         551 ,  -858993460
         551 ,  -858993460
         551 ,  -858993460
         552 ,  -858993460
         552 ,  -858993460
         552 ,  -858993460
         552 ,  -858993460
         553 ,  -858993460
         553 ,  -858993460
         553 ,  -858993460
         553 ,  -858993460
         554 ,  -858993460
         554 ,  -858993460
         554 ,  -858993460
         554 ,  -858993460
         555 ,  -858993460
         555 ,  -858993460
         555 ,  -858993460
         555 ,  -858993460
         556 ,  -858993460
         556 ,  -858993460
         556 ,  -858993460
         556 ,  -858993460
         557 ,  -858993460
         557 ,  -858993460
         557 ,  -858993460
         557 ,  -858993460
         558 ,  -858993460
         558 ,  -858993460
         558 ,  -858993460
         558 ,  -858993460
         559 ,  -858993460
         559 ,  -858993460
         559 ,  -858993460
         559 ,  -858993460
         560 ,  -858993460
         560 ,  -858993460
         560 ,  -858993460
         560 ,  -858993460
         561 ,  -858993460
         561 ,  -858993460
         561 ,  -858993460
         561 ,  -858993460
         562 ,  -858993460
         562 ,  -858993460
         562 ,  -858993460
         562 ,  -858993460
         563 ,  -858993460
         563 ,  -858993460
         563 ,  -858993460
         563 ,  -858993460
         564 ,  -858993460
         564 ,  -858993460
         564 ,  -858993460
         564 ,  -858993460
         565 ,  -858993460
         565 ,  -858993460
         565 ,  -858993460
         565 ,  -858993460
         566 ,  -858993460
         566 ,  -858993460
         566 ,  -858993460
         566 ,  -858993460
         567 ,  -858993460
         567 ,  -858993460
         567 ,  -858993460
         567 ,  -858993460
         568 ,  -858993460
         568 ,  -858993460
         568 ,  -858993460
         568 ,  -858993460
         569 ,  -858993460
         569 ,  -858993460
         569 ,  -858993460
         569 ,  -858993460
         570 ,  -858993460
         570 ,  -858993460
         570 ,  -858993460
         570 ,  -858993460
         571 ,  -858993460
         571 ,  -858993460
         571 ,  -858993460
         571 ,  -858993460
         572 ,  -858993460
         572 ,  -858993460
         572 ,  -858993460
         572 ,  -858993460
         573 ,  -858993460
         573 ,  -858993460
         573 ,  -858993460
         573 ,  -858993460
         574 ,  -858993460
         574 ,  -858993460
         574 ,  -858993460
         574 ,  -858993460
         575 ,  -858993460
         575 ,  -858993460
         575 ,  -858993460
         575 ,  -858993460
         576 ,  -858993460
         576 ,  -858993460
         576 ,  -858993460
         576 ,  -858993460
         577 ,  -858993460
         577 ,  -858993460
         577 ,  -858993460
         577 ,  -858993460
         578 ,  -858993460
         578 ,  -858993460
         578 ,  -858993460
         578 ,  -858993460
         579 ,  -858993460
         579 ,  -858993460
         579 ,  -858993460
         579 ,  -858993460
         580 ,  -858993460
         580 ,  -858993460
         580 ,  -858993460
         580 ,  -858993460
         581 ,  -858993460
         581 ,  -858993460
         581 ,  -858993460
         581 ,  -858993460
         582 ,  -858993460
         582 ,  -858993460
         582 ,  -858993460
         582 ,  -858993460
         583 ,  -858993460
         583 ,  -858993460
         583 ,  -858993460
         583 ,  -858993460
         584 ,  -858993460
         584 ,  -858993460
         584 ,  -858993460
         584 ,  -858993460
         585 ,  -858993460
         585 ,  -858993460
         585 ,  -858993460
         585 ,  -858993460
         586 ,  -858993460
         586 ,  -858993460
         586 ,  -858993460
         586 ,  -858993460
         587 ,  -858993460
         587 ,  -858993460
         587 ,  -858993460
         587 ,  -858993460
         588 ,  -858993460
         588 ,  -858993460
         588 ,  -858993460
         588 ,  -858993460
         589 ,  -858993460
         589 ,  -858993460
         589 ,  -858993460
         589 ,  -858993460
         590 ,  -858993460
         590 ,  -858993460
         590 ,  -858993460
         590 ,  -858993460
         591 ,  -858993460
         591 ,  -858993460
         591 ,  -858993460
         591 ,  -858993460
         592 ,  -858993460
         592 ,  -858993460
         592 ,  -858993460
         592 ,  -858993460
         593 ,  -858993460
         593 ,  -858993460
         593 ,  -858993460
         593 ,  -858993460
         594 ,  -858993460
         594 ,  -858993460
         594 ,  -858993460
         594 ,  -858993460
         595 ,  -858993460
         595 ,  -858993460
         595 ,  -858993460
         595 ,  -858993460
         596 ,  -858993460
         596 ,  -858993460
         596 ,  -858993460
         596 ,  -858993460
         597 ,  -858993460
         597 ,  -858993460
         597 ,  -858993460
         597 ,  -858993460
         598 ,  -858993460
         598 ,  -858993460
         598 ,  -858993460
         598 ,  -858993460
         599 ,  -858993460
         599 ,  -858993460
         599 ,  -858993460
         599 ,  -858993460
         600 ,  -858993460
         600 ,  -858993460
         600 ,  -858993460
         600 ,  -858993460
         601 ,  -858993460
         601 ,  -858993460
         601 ,  -858993460
         601 ,  -858993460
         602 ,  -858993460
         602 ,  -858993460
         602 ,  -858993460
         602 ,  -858993460
         603 ,  -858993460
         603 ,  -858993460
         603 ,  -858993460
         603 ,  -858993460
         604 ,  -858993460
         604 ,  -858993460
         604 ,  -858993460
         604 ,  -858993460
         605 ,  -858993460
         605 ,  -858993460
         605 ,  -858993460
         605 ,  -858993460
         606 ,  -858993460
         606 ,  -858993460
         606 ,  -858993460
         606 ,  -858993460
         607 ,  -858993460
         607 ,  -858993460
         607 ,  -858993460
         607 ,  -858993460
         608 ,  -858993460
         608 ,  -858993460
         608 ,  -858993460
         608 ,  -858993460
         609 ,  -858993460
         609 ,  -858993460
         609 ,  -858993460
         609 ,  -858993460
         610 ,  -858993460
         610 ,  -858993460
         610 ,  -858993460
         610 ,  -858993460
         611 ,  -858993460
         611 ,  -858993460
         611 ,  -858993460
         611 ,  -858993460
         612 ,  -858993460
         612 ,  -858993460
         612 ,  -858993460
         612 ,  -858993460
         613 ,  -858993460
         613 ,  -858993460
         613 ,  -858993460
         613 ,  -858993460
         614 ,  -858993460
         614 ,  -858993460
         614 ,  -858993460
         614 ,  -858993460
         615 ,  -858993460
         615 ,  -858993460
         615 ,  -858993460
         615 ,  -858993460
         616 ,  -858993460
         616 ,  -858993460
         616 ,  -858993460
         616 ,  -858993460
         617 ,  -858993460
         617 ,  -858993460
         617 ,  -858993460
         617 ,  -858993460
         618 ,  -858993460
         618 ,  -858993460
         618 ,  -858993460
         618 ,  -858993460
         619 ,  -858993460
         619 ,  -858993460
         619 ,  -858993460
         619 ,  -858993460
         620 ,  -858993460
         620 ,  -858993460
         620 ,  -858993460
         620 ,  -858993460
         621 ,  -858993460
         621 ,  -858993460
         621 ,  -858993460
         621 ,  -858993460
         622 ,  -858993460
         622 ,  -858993460
         622 ,  -858993460
         622 ,  -858993460
         623 ,  -858993460
         623 ,  -858993460
         623 ,  -858993460
         623 ,  -858993460
         624 ,  -858993460
         624 ,  -858993460
         624 ,  -858993460
         624 ,  -858993460
         625 ,  -858993460
         625 ,  -858993460
         625 ,  -858993460
         625 ,  -858993460
         626 ,  -858993460
         626 ,  -858993460
         626 ,  -858993460
         626 ,  -858993460
         627 ,  -858993460
         627 ,  -858993460
         627 ,  -858993460
         627 ,  -858993460
         628 ,  -858993460
         628 ,  -858993460
         628 ,  -858993460
         628 ,  -858993460
         629 ,  -858993460
         629 ,  -858993460
         629 ,  -858993460
         629 ,  -858993460
         630 ,  -858993460
         630 ,  -858993460
         630 ,  -858993460
         630 ,  -858993460
         631 ,  -858993460
         631 ,  -858993460
         631 ,  -858993460
         631 ,  -858993460
         632 ,  -858993460
         632 ,  -858993460
         632 ,  -858993460
         632 ,  -858993460
         633 ,  -858993460
         633 ,  -858993460
         633 ,  -858993460
         633 ,  -858993460
         634 ,  -858993460
         634 ,  -858993460
         634 ,  -858993460
         634 ,  -858993460
         635 ,  -858993460
         635 ,  -858993460
         635 ,  -858993460
         635 ,  -858993460
         636 ,  -858993460
         636 ,  -858993460
         636 ,  -858993460
         636 ,  -858993460
         637 ,  -858993460
         637 ,  -858993460
         637 ,  -858993460
         637 ,  -858993460
         638 ,  -858993460
         638 ,  -858993460
         638 ,  -858993460
         638 ,  -858993460
         639 ,  -858993460
         639 ,  -858993460
         639 ,  -858993460
         639 ,  -858993460
         640 ,  -858993460
         640 ,  -858993460
         640 ,  -858993460
         640 ,  -858993460
         641 ,  -858993460
         641 ,  -858993460
         641 ,  -858993460
         641 ,  -858993460
         642 ,  -858993460
         642 ,  -858993460
         642 ,  -858993460
         642 ,  -858993460
         643 ,  -858993460
         643 ,  -858993460
         643 ,  -858993460
         643 ,  -858993460
         644 ,  -858993460
         644 ,  -858993460
         644 ,  -858993460
         644 ,  -858993460
         645 ,  -858993460
         645 ,  -858993460
         645 ,  -858993460
         645 ,  -858993460
         646 ,  -858993460
         646 ,  -858993460
         646 ,  -858993460
         646 ,  -858993460
         647 ,  -858993460
         647 ,  -858993460
         647 ,  -858993460
         647 ,  -858993460
         648 ,  -858993460
         648 ,  -858993460
         648 ,  -858993460
         648 ,  -858993460
         649 ,  -858993460
         649 ,  -858993460
         649 ,  -858993460
         649 ,  -858993460
         650 ,  -858993460
         650 ,  -858993460
         650 ,  -858993460
         650 ,  -858993460
         651 ,  -858993460
         651 ,  -858993460
         651 ,  -858993460
         651 ,  -858993460
         652 ,  -858993460
         652 ,  -858993460
         652 ,  -858993460
         652 ,  -858993460
         653 ,  -858993460
         653 ,  -858993460
         653 ,  -858993460
         653 ,  -858993460
         654 ,  -858993460
         654 ,  -858993460
         654 ,  -858993460
         654 ,  -858993460
         655 ,  -858993460
         655 ,  -858993460
         655 ,  -858993460
         655 ,  -858993460
         656 ,  -858993460
         656 ,  -858993460
         656 ,  -858993460
         656 ,  -858993460
         657 ,  -858993460
         657 ,  -858993460
         657 ,  -858993460
         657 ,  -858993460
         658 ,  -858993460
         658 ,  -858993460
         658 ,  -858993460
         658 ,  -858993460
         659 ,  -858993460
         659 ,  -858993460
         659 ,  -858993460
         659 ,  -858993460
         660 ,  -858993460
         660 ,  -858993460
         660 ,  -858993460
         660 ,  -858993460
         661 ,  -858993460
         661 ,  -858993460
         661 ,  -858993460
         661 ,  -858993460
         662 ,  -858993460
         662 ,  -858993460
         662 ,  -858993460
         662 ,  -858993460
         663 ,  -858993460
         663 ,  -858993460
         663 ,  -858993460
         663 ,  -858993460
         664 ,  -858993460
         664 ,  -858993460
         664 ,  -858993460
         664 ,  -858993460
         665 ,  -858993460
         665 ,  -858993460
         665 ,  -858993460
         665 ,  -858993460
         666 ,  -858993460
         666 ,  -858993460
         666 ,  -858993460
         666 ,  -858993460
         667 ,  -858993460
         667 ,  -858993460
         667 ,  -858993460
         667 ,  -858993460
         668 ,  -858993460
         668 ,  -858993460
         668 ,  -858993460
         668 ,  -858993460
         669 ,  -858993460
         669 ,  -858993460
         669 ,  -858993460
         669 ,  -858993460
         670 ,  -858993460
         670 ,  -858993460
         670 ,  -858993460
         670 ,  -858993460
         671 ,  -858993460
         671 ,  -858993460
         671 ,  -858993460
         671 ,  -858993460
         672 ,  -858993460
         672 ,  -858993460
         672 ,  -858993460
         672 ,  -858993460
         673 ,  -858993460
         673 ,  -858993460
         673 ,  -858993460
         673 ,  -858993460
         674 ,  -858993460
         674 ,  -858993460
         674 ,  -858993460
         674 ,  -858993460
         675 ,  -858993460
         675 ,  -858993460
         675 ,  -858993460
         675 ,  -858993460
         676 ,  -858993460
         676 ,  -858993460
         676 ,  -858993460
         676 ,  -858993460
         677 ,  -858993460
         677 ,  -858993460
         677 ,  -858993460
         677 ,  -858993460
         678 ,  -858993460
         678 ,  -858993460
         678 ,  -858993460
         678 ,  -858993460
         679 ,  -858993460
         679 ,  -858993460
         679 ,  -858993460
         679 ,  -858993460
         680 ,  -858993460
         680 ,  -858993460
         680 ,  -858993460
         680 ,  -858993460
         681 ,  -858993460
         681 ,  -858993460
         681 ,  -858993460
         681 ,  -858993460
         682 ,  -858993460
         682 ,  -858993460
         682 ,  -858993460
         682 ,  -858993460
         683 ,  -858993460
         683 ,  -858993460
         683 ,  -858993460
         683 ,  -858993460
         684 ,  -858993460
         684 ,  -858993460
         684 ,  -858993460
         684 ,  -858993460
         685 ,  -858993460
         685 ,  -858993460
         685 ,  -858993460
         685 ,  -858993460
         686 ,  -858993460
         686 ,  -858993460
         686 ,  -858993460
         686 ,  -858993460
         687 ,  -858993460
         687 ,  -858993460
         687 ,  -858993460
         687 ,  -858993460
         688 ,  -858993460
         688 ,  -858993460
         688 ,  -858993460
         688 ,  -858993460
         689 ,  -858993460
         689 ,  -858993460
         689 ,  -858993460
         689 ,  -858993460
         690 ,  -858993460
         690 ,  -858993460
         690 ,  -858993460
         690 ,  -858993460
         691 ,  -858993460
         691 ,  -858993460
         691 ,  -858993460
         691 ,  -858993460
         692 ,  -858993460
         692 ,  -858993460
         692 ,  -858993460
         692 ,  -858993460
         693 ,  -858993460
         693 ,  -858993460
         693 ,  -858993460
         693 ,  -858993460
         694 ,  -858993460
         694 ,  -858993460
         694 ,  -858993460
         694 ,  -858993460
         695 ,  -858993460
         695 ,  -858993460
         695 ,  -858993460
         695 ,  -858993460
         696 ,  -858993460
         696 ,  -858993460
         696 ,  -858993460
         696 ,  -858993460
         697 ,  -858993460
         697 ,  -858993460
         697 ,  -858993460
         697 ,  -858993460
         698 ,  -858993460
         698 ,  -858993460
         698 ,  -858993460
         698 ,  -858993460
         699 ,  -858993460
         699 ,  -858993460
         699 ,  -858993460
         699 ,  -858993460
         700 ,  -858993460
         700 ,  -858993460
         700 ,  -858993460
         700 ,  -858993460
         701 ,  -858993460
         701 ,  -858993460
         701 ,  -858993460
         701 ,  -858993460
         702 ,  -858993460
         702 ,  -858993460
         702 ,  -858993460
         702 ,  -858993460
         703 ,  -858993460
         703 ,  -858993460
         703 ,  -858993460
         703 ,  -858993460
         704 ,  -858993460
         704 ,  -858993460
         704 ,  -858993460
         704 ,  -858993460
         705 ,  -858993460
         705 ,  -858993460
         705 ,  -858993460
         705 ,  -858993460
         706 ,  -858993460
         706 ,  -858993460
         706 ,  -858993460
         706 ,  -858993460
         707 ,  -858993460
         707 ,  -858993460
         707 ,  -858993460
         707 ,  -858993460
         708 ,  -858993460
         708 ,  -858993460
         708 ,  -858993460
         708 ,  -858993460
         709 ,  -858993460
         709 ,  -858993460
         709 ,  -858993460
         709 ,  -858993460
         710 ,  -858993460
         710 ,  -858993460
         710 ,  -858993460
         710 ,  -858993460
         711 ,  -858993460
         711 ,  -858993460
         711 ,  -858993460
         711 ,  -858993460
         712 ,  -858993460
         712 ,  -858993460
         712 ,  -858993460
         712 ,  -858993460
         713 ,  -858993460
         713 ,  -858993460
         713 ,  -858993460
         713 ,  -858993460
         714 ,  -858993460
         714 ,  -858993460
         714 ,  -858993460
         714 ,  -858993460
         715 ,  -858993460
         715 ,  -858993460
         715 ,  -858993460
         715 ,  -858993460
         716 ,  -858993460
         716 ,  -858993460
         716 ,  -858993460
         716 ,  -858993460
         717 ,  -858993460
         717 ,  -858993460
         717 ,  -858993460
         717 ,  -858993460
         718 ,  -858993460
         718 ,  -858993460
         718 ,  -858993460
         718 ,  -858993460
         719 ,  -858993460
         719 ,  -858993460
         719 ,  -858993460
         719 ,  -858993460
         720 ,  -858993460
         720 ,  -858993460
         720 ,  -858993460
         720 ,  -858993460
         721 ,  -858993460
         721 ,  -858993460
         721 ,  -858993460
         721 ,  -858993460
         722 ,  -858993460
         722 ,  -858993460
         722 ,  -858993460
         722 ,  -858993460
         723 ,  -858993460
         723 ,  -858993460
         723 ,  -858993460
         723 ,  -858993460
         724 ,  -858993460
         724 ,  -858993460
         724 ,  -858993460
         724 ,  -858993460
         725 ,  -858993460
         725 ,  -858993460
         725 ,  -858993460
         725 ,  -858993460
         726 ,  -858993460
         726 ,  -858993460
         726 ,  -858993460
         726 ,  -858993460
         727 ,  -858993460
         727 ,  -858993460
         727 ,  -858993460
         727 ,  -858993460
         728 ,  -858993460
         728 ,  -858993460
         728 ,  -858993460
         728 ,  -858993460
         729 ,  -858993460
         729 ,  -858993460
         729 ,  -858993460
         729 ,  -858993460
         730 ,  -858993460
         730 ,  -858993460
         730 ,  -858993460
         730 ,  -858993460
         731 ,  -858993460
         731 ,  -858993460
         731 ,  -858993460
         731 ,  -858993460
         732 ,  -858993460
         732 ,  -858993460
         732 ,  -858993460
         732 ,  -858993460
         733 ,  -858993460
         733 ,  -858993460
         733 ,  -858993460
         733 ,  -858993460
         734 ,  -858993460
         734 ,  -858993460
         734 ,  -858993460
         734 ,  -858993460
         735 ,  -858993460
         735 ,  -858993460
         735 ,  -858993460
         735 ,  -858993460
         736 ,  -858993460
         736 ,  -858993460
         736 ,  -858993460
         736 ,  -858993460
         737 ,  -858993460
         737 ,  -858993460
         737 ,  -858993460
         737 ,  -858993460
         738 ,  -858993460
         738 ,  -858993460
         738 ,  -858993460
         738 ,  -858993460
         739 ,  -858993460
         739 ,  -858993460
         739 ,  -858993460
         739 ,  -858993460
         740 ,  -858993460
         740 ,  -858993460
         740 ,  -858993460
         740 ,  -858993460
         741 ,  -858993460
         741 ,  -858993460
         741 ,  -858993460
         741 ,  -858993460
         742 ,  -858993460
         742 ,  -858993460
         742 ,  -858993460
         742 ,  -858993460
         743 ,  -858993460
         743 ,  -858993460
         743 ,  -858993460
         743 ,  -858993460
         744 ,  -858993460
         744 ,  -858993460
         744 ,  -858993460
         744 ,  -858993460
         745 ,  -858993460
         745 ,  -858993460
         745 ,  -858993460
         745 ,  -858993460
         746 ,  -858993460
         746 ,  -858993460
         746 ,  -858993460
         746 ,  -858993460
         747 ,  -858993460
         747 ,  -858993460
         747 ,  -858993460
         747 ,  -858993460
         748 ,  -858993460
         748 ,  -858993460
         748 ,  -858993460
         748 ,  -858993460
         749 ,  -858993460
         749 ,  -858993460
         749 ,  -858993460
         749 ,  -858993460
         750 ,  -858993460
         750 ,  -858993460
         750 ,  -858993460
         750 ,  -858993460
         751 ,  -858993460
         751 ,  -858993460
         751 ,  -858993460
         751 ,  -858993460
         752 ,  -858993460
         752 ,  -858993460
         752 ,  -858993460
         752 ,  -858993460
         753 ,  -858993460
         753 ,  -858993460
         753 ,  -858993460
         753 ,  -858993460
         754 ,  -858993460
         754 ,  -858993460
         754 ,  -858993460
         754 ,  -858993460
         755 ,  -858993460
         755 ,  -858993460
         755 ,  -858993460
         755 ,  -858993460
         756 ,  -858993460
         756 ,  -858993460
         756 ,  -858993460
         756 ,  -858993460
         757 ,  -858993460
         757 ,  -858993460
         757 ,  -858993460
         757 ,  -858993460
         758 ,  -858993460
         758 ,  -858993460
         758 ,  -858993460
         758 ,  -858993460
         759 ,  -858993460
         759 ,  -858993460
         759 ,  -858993460
         759 ,  -858993460
         760 ,  -858993460
         760 ,  -858993460
         760 ,  -858993460
         760 ,  -858993460
         761 ,  -858993460
         761 ,  -858993460
         761 ,  -858993460
         761 ,  -858993460
         762 ,  -858993460
         762 ,  -858993460
         762 ,  -858993460
         762 ,  -858993460
         763 ,  -858993460
         763 ,  -858993460
         763 ,  -858993460
         763 ,  -858993460
         764 ,  -858993460
         764 ,  -858993460
         764 ,  -858993460
         764 ,  -858993460
         765 ,  -858993460
         765 ,  -858993460
         765 ,  -858993460
         765 ,  -858993460
         766 ,  -858993460
         766 ,  -858993460
         766 ,  -858993460
         766 ,  -858993460
         767 ,  -858993460
         767 ,  -858993460
         767 ,  -858993460
         767 ,  -858993460
         768 ,  -858993460
         768 ,  -858993460
         768 ,  -858993460
         768 ,  -858993460
         769 ,  -858993460
         769 ,  -858993460
         769 ,  -858993460
         769 ,  -858993460
         770 ,  -858993460
         770 ,  -858993460
         770 ,  -858993460
         770 ,  -858993460
         771 ,  -858993460
         771 ,  -858993460
         771 ,  -858993460
         771 ,  -858993460
         772 ,  -858993460
         772 ,  -858993460
         772 ,  -858993460
         772 ,  -858993460
         773 ,  -858993460
         773 ,  -858993460
         773 ,  -858993460
         773 ,  -858993460
         774 ,  -858993460
         774 ,  -858993460
         774 ,  -858993460
         774 ,  -858993460
         775 ,  -858993460
         775 ,  -858993460
         775 ,  -858993460
         775 ,  -858993460
         776 ,  -858993460
         776 ,  -858993460
         776 ,  -858993460
         776 ,  -858993460
         777 ,  -858993460
         777 ,  -858993460
         777 ,  -858993460
         777 ,  -858993460
         778 ,  -858993460
         778 ,  -858993460
         778 ,  -858993460
         778 ,  -858993460
         779 ,  -858993460
         779 ,  -858993460
         779 ,  -858993460
         779 ,  -858993460
         780 ,  -858993460
         780 ,  -858993460
         780 ,  -858993460
         780 ,  -858993460
         781 ,  -858993460
         781 ,  -858993460
         781 ,  -858993460
         781 ,  -858993460
         782 ,  -858993460
         782 ,  -858993460
         782 ,  -858993460
         782 ,  -858993460
         783 ,  -858993460
         783 ,  -858993460
         783 ,  -858993460
         783 ,  -858993460
         784 ,  -858993460
         784 ,  -858993460
         784 ,  -858993460
         784 ,  -858993460
         785 ,  -858993460
         785 ,  -858993460
         785 ,  -858993460
         785 ,  -858993460
         786 ,  -858993460
         786 ,  -858993460
         786 ,  -858993460
         786 ,  -858993460
         787 ,  -858993460
         787 ,  -858993460
         787 ,  -858993460
         787 ,  -858993460
         788 ,  -858993460
         788 ,  -858993460
         788 ,  -858993460
         788 ,  -858993460
         789 ,  -858993460
         789 ,  -858993460
         789 ,  -858993460
         789 ,  -858993460
         790 ,  -858993460
         790 ,  -858993460
         790 ,  -858993460
         790 ,  -858993460
         791 ,  -858993460
         791 ,  -858993460
         791 ,  -858993460
         791 ,  -858993460
         792 ,  -858993460
         792 ,  -858993460
         792 ,  -858993460
         792 ,  -858993460
         793 ,  -858993460
         793 ,  -858993460
         793 ,  -858993460
         793 ,  -858993460
         794 ,  -858993460
         794 ,  -858993460
         794 ,  -858993460
         794 ,  -858993460
         795 ,  -858993460
         795 ,  -858993460
         795 ,  -858993460
         795 ,  -858993460
         796 ,  -858993460
         796 ,  -858993460
         796 ,  -858993460
         796 ,  -858993460
         797 ,  -858993460
         797 ,  -858993460
         797 ,  -858993460
         797 ,  -858993460
         798 ,  -858993460
         798 ,  -858993460
         798 ,  -858993460
         798 ,  -858993460
         799 ,  -858993460
         799 ,  -858993460
         799 ,  -858993460
         799 ,  -858993460
         800 ,  -858993460
         800 ,  -858993460
         800 ,  -858993460
         800 ,  -858993460
         801 ,  -858993460
         801 ,  -858993460
         801 ,  -858993460
         801 ,  -858993460
         802 ,  -858993460
         802 ,  -858993460
         802 ,  -858993460
         802 ,  -858993460
         803 ,  -858993460
         803 ,  -858993460
         803 ,  -858993460
         803 ,  -858993460
         804 ,  -858993460
         804 ,  -858993460
         804 ,  -858993460
         804 ,  -858993460
         805 ,  -858993460
         805 ,  -858993460
         805 ,  -858993460
         805 ,  -858993460
         806 ,  -858993460
         806 ,  -858993460
         806 ,  -858993460
         806 ,  -858993460
         807 ,  -858993460
         807 ,  -858993460
         807 ,  -858993460
         807 ,  -858993460
         808 ,  -858993460
         808 ,  -858993460
         808 ,  -858993460
         808 ,  -858993460
         809 ,  -858993460
         809 ,  -858993460
         809 ,  -858993460
         809 ,  -858993460
         810 ,  -858993460
         810 ,  -858993460
         810 ,  -858993460
         810 ,  -858993460
         811 ,  -858993460
         811 ,  -858993460
         811 ,  -858993460
         811 ,  -858993460
         812 ,  -858993460
         812 ,  -858993460
         812 ,  -858993460
         812 ,  -858993460
         813 ,  -858993460
         813 ,  -858993460
         813 ,  -858993460
         813 ,  -858993460
         814 ,  -858993460
         814 ,  -858993460
         814 ,  -858993460
         814 ,  -858993460
         815 ,  -858993460
         815 ,  -858993460
         815 ,  -858993460
         815 ,  -858993460
         816 ,  -858993460
         816 ,  -858993460
         816 ,  -858993460
         816 ,  -858993460
         817 ,  -858993460
         817 ,  -858993460
         817 ,  -858993460
         817 ,  -858993460
         818 ,  -858993460
         818 ,  -858993460
         818 ,  -858993460
         818 ,  -858993460
         819 ,  -858993460
         819 ,  -858993460
         819 ,  -858993460
         819 ,  -858993460
         820 ,  -858993460
         820 ,  -858993460
         820 ,  -858993460
         820 ,  -858993460
         821 ,  -858993460
         821 ,  -858993460
         821 ,  -858993460
         821 ,  -858993460
         822 ,  -858993460
         822 ,  -858993460
         822 ,  -858993460
         822 ,  -858993460
         823 ,  -858993460
         823 ,  -858993460
         823 ,  -858993460
         823 ,  -858993460
         824 ,  -858993460
         824 ,  -858993460
         824 ,  -858993460
         824 ,  -858993460
         825 ,  -858993460
         825 ,  -858993460
         825 ,  -858993460
         825 ,  -858993460
         826 ,  -858993460
         826 ,  -858993460
         826 ,  -858993460
         826 ,  -858993460
         827 ,  -858993460
         827 ,  -858993460
         827 ,  -858993460
         827 ,  -858993460
         828 ,  -858993460
         828 ,  -858993460
         828 ,  -858993460
         828 ,  -858993460
         829 ,  -858993460
         829 ,  -858993460
         829 ,  -858993460
         829 ,  -858993460
         830 ,  -858993460
         830 ,  -858993460
         830 ,  -858993460
         830 ,  -858993460
         831 ,  -858993460
         831 ,  -858993460
         831 ,  -858993460
         831 ,  -858993460
         832 ,  -858993460
         832 ,  -858993460
         832 ,  -858993460
         832 ,  -858993460
         833 ,  -858993460
         833 ,  -858993460
         833 ,  -858993460
         833 ,  -858993460
         834 ,  -858993460
         834 ,  -858993460
         834 ,  -858993460
         834 ,  -858993460
         835 ,  -858993460
         835 ,  -858993460
         835 ,  -858993460
         835 ,  -858993460
         836 ,  -858993460
         836 ,  -858993460
         836 ,  -858993460
         836 ,  -858993460
         837 ,  -858993460
         837 ,  -858993460
         837 ,  -858993460
         837 ,  -858993460
         838 ,  -858993460
         838 ,  -858993460
         838 ,  -858993460
         838 ,  -858993460
         839 ,  -858993460
         839 ,  -858993460
         839 ,  -858993460
         839 ,  -858993460
         840 ,  -858993460
         840 ,  -858993460
         840 ,  -858993460
         840 ,  -858993460
         841 ,  -858993460
         841 ,  -858993460
         841 ,  -858993460
         841 ,  -858993460
         842 ,  -858993460
         842 ,  -858993460
         842 ,  -858993460
         842 ,  -858993460
         843 ,  -858993460
         843 ,  -858993460
         843 ,  -858993460
         843 ,  -858993460
         844 ,  -858993460
         844 ,  -858993460
         844 ,  -858993460
         844 ,  -858993460
         845 ,  -858993460
         845 ,  -858993460
         845 ,  -858993460
         845 ,  -858993460
         846 ,  -858993460
         846 ,  -858993460
         846 ,  -858993460
         846 ,  -858993460
         847 ,  -858993460
         847 ,  -858993460
         847 ,  -858993460
         847 ,  -858993460
         848 ,  -858993460
         848 ,  -858993460
         848 ,  -858993460
         848 ,  -858993460
         849 ,  -858993460
         849 ,  -858993460
         849 ,  -858993460
         849 ,  -858993460
         850 ,  -858993460
         850 ,  -858993460
         850 ,  -858993460
         850 ,  -858993460
         851 ,  -858993460
         851 ,  -858993460
         851 ,  -858993460
         851 ,  -858993460
         852 ,  -858993460
         852 ,  -858993460
         852 ,  -858993460
         852 ,  -858993460
         853 ,  -858993460
         853 ,  -858993460
         853 ,  -858993460
         853 ,  -858993460
         854 ,  -858993460
         854 ,  -858993460
         854 ,  -858993460
         854 ,  -858993460
         855 ,  -858993460
         855 ,  -858993460
         855 ,  -858993460
         855 ,  -858993460
         856 ,  -858993460
         856 ,  -858993460
         856 ,  -858993460
         856 ,  -858993460
         857 ,  -858993460
         857 ,  -858993460
         857 ,  -858993460
         857 ,  -858993460
         858 ,  -858993460
         858 ,  -858993460
         858 ,  -858993460
         858 ,  -858993460
         859 ,  -858993460
         859 ,  -858993460
         859 ,  -858993460
         859 ,  -858993460
         860 ,  -858993460
         860 ,  -858993460
         860 ,  -858993460
         860 ,  -858993460
         861 ,  -858993460
         861 ,  -858993460
         861 ,  -858993460
         861 ,  -858993460
         862 ,  -858993460
         862 ,  -858993460
         862 ,  -858993460
         862 ,  -858993460
         863 ,  -858993460
         863 ,  -858993460
         863 ,  -858993460
         863 ,  -858993460
         864 ,  -858993460
         864 ,  -858993460
         864 ,  -858993460
         864 ,  -858993460
         865 ,  -858993460
         865 ,  -858993460
         865 ,  -858993460
         865 ,  -858993460
         866 ,  -858993460
         866 ,  -858993460
         866 ,  -858993460
         866 ,  -858993460
         867 ,  -858993460
         867 ,  -858993460
         867 ,  -858993460
         867 ,  -858993460
         868 ,  -858993460
         868 ,  -858993460
         868 ,  -858993460
         868 ,  -858993460
         869 ,  -858993460
         869 ,  -858993460
         869 ,  -858993460
         869 ,  -858993460
         870 ,  -858993460
         870 ,  -858993460
         870 ,  -858993460
         870 ,  -858993460
         871 ,  -858993460
         871 ,  -858993460
         871 ,  -858993460
         871 ,  -858993460
         872 ,  -858993460
         872 ,  -858993460
         872 ,  -858993460
         872 ,  -858993460
         873 ,  -858993460
         873 ,  -858993460
         873 ,  -858993460
         873 ,  -858993460
         874 ,  -858993460
         874 ,  -858993460
         874 ,  -858993460
         874 ,  -858993460
         875 ,  -858993460
         875 ,  -858993460
         875 ,  -858993460
         875 ,  -858993460
         876 ,  -858993460
         876 ,  -858993460
         876 ,  -858993460
         876 ,  -858993460
         877 ,  -858993460
         877 ,  -858993460
         877 ,  -858993460
         877 ,  -858993460
         878 ,  -858993460
         878 ,  -858993460
         878 ,  -858993460
         878 ,  -858993460
         879 ,  -858993460
         879 ,  -858993460
         879 ,  -858993460
         879 ,  -858993460
         880 ,  -858993460
         880 ,  -858993460
         880 ,  -858993460
         880 ,  -858993460
         881 ,  -858993460
         881 ,  -858993460
         881 ,  -858993460
         881 ,  -858993460
         882 ,  -858993460
         882 ,  -858993460
         882 ,  -858993460
         882 ,  -858993460
         883 ,  -858993460
         883 ,  -858993460
         883 ,  -858993460
         883 ,  -858993460
         884 ,  -858993460
         884 ,  -858993460
         884 ,  -858993460
         884 ,  -858993460
         885 ,  -858993460
         885 ,  -858993460
         885 ,  -858993460
         885 ,  -858993460
         886 ,  -858993460
         886 ,  -858993460
         886 ,  -858993460
         886 ,  -858993460
         887 ,  -858993460
         887 ,  -858993460
         887 ,  -858993460
         887 ,  -858993460
         888 ,  -858993460
         888 ,  -858993460
         888 ,  -858993460
         888 ,  -858993460
         889 ,  -858993460
         889 ,  -858993460
         889 ,  -858993460
         889 ,  -858993460
         890 ,  -858993460
         890 ,  -858993460
         890 ,  -858993460
         890 ,  -858993460
         891 ,  -858993460
         891 ,  -858993460
         891 ,  -858993460
         891 ,  -858993460
         892 ,  -858993460
         892 ,  -858993460
         892 ,  -858993460
         892 ,  -858993460
         893 ,  -858993460
         893 ,  -858993460
         893 ,  -858993460
         893 ,  -858993460
         894 ,  -858993460
         894 ,  -858993460
         894 ,  -858993460
         894 ,  -858993460
         895 ,  -858993460
         895 ,  -858993460
         895 ,  -858993460
         895 ,  -858993460
         896 ,  -858993460
         896 ,  -858993460
         896 ,  -858993460
         896 ,  -858993460
         897 ,  -858993460
         897 ,  -858993460
         897 ,  -858993460
         897 ,  -858993460
         898 ,  -858993460
         898 ,  -858993460
         898 ,  -858993460
         898 ,  -858993460
         899 ,  -858993460
         899 ,  -858993460
         899 ,  -858993460
         899 ,  -858993460
         900 ,  -858993460
         900 ,  -858993460
         900 ,  -858993460
         900 ,  -858993460
         901 ,  -858993460
         901 ,  -858993460
         901 ,  -858993460
         901 ,  -858993460
         902 ,  -858993460
         902 ,  -858993460
         902 ,  -858993460
         902 ,  -858993460
         903 ,  -858993460
         903 ,  -858993460
         903 ,  -858993460
         903 ,  -858993460
         904 ,  -858993460
         904 ,  -858993460
         904 ,  -858993460
         904 ,  -858993460
         905 ,  -858993460
         905 ,  -858993460
         905 ,  -858993460
         905 ,  -858993460
         906 ,  -858993460
         906 ,  -858993460
         906 ,  -858993460
         906 ,  -858993460
         907 ,  -858993460
         907 ,  -858993460
         907 ,  -858993460
         907 ,  -858993460
         908 ,  -858993460
         908 ,  -858993460
         908 ,  -858993460
         908 ,  -858993460
         909 ,  -858993460
         909 ,  -858993460
         909 ,  -858993460
         909 ,  -858993460
         910 ,  -858993460
         910 ,  -858993460
         910 ,  -858993460
         910 ,  -858993460
         911 ,  -858993460
         911 ,  -858993460
         911 ,  -858993460
         911 ,  -858993460
         912 ,  -858993460
         912 ,  -858993460
         912 ,  -858993460
         912 ,  -858993460
         913 ,  -858993460
         913 ,  -858993460
         913 ,  -858993460
         913 ,  -858993460
         914 ,  -858993460
         914 ,  -858993460
         914 ,  -858993460
         914 ,  -858993460
         915 ,  -858993460
         915 ,  -858993460
         915 ,  -858993460
         915 ,  -858993460
         916 ,  -858993460
         916 ,  -858993460
         916 ,  -858993460
         916 ,  -858993460
         917 ,  -858993460
         917 ,  -858993460
         917 ,  -858993460
         917 ,  -858993460
         918 ,  -858993460
         918 ,  -858993460
         918 ,  -858993460
         918 ,  -858993460
         919 ,  -858993460
         919 ,  -858993460
         919 ,  -858993460
         919 ,  -858993460
         920 ,  -858993460
         920 ,  -858993460
         920 ,  -858993460
         920 ,  -858993460
         921 ,  -858993460
         921 ,  -858993460
         921 ,  -858993460
         921 ,  -858993460
         922 ,  -858993460
         922 ,  -858993460
         922 ,  -858993460
         922 ,  -858993460
         923 ,  -858993460
         923 ,  -858993460
         923 ,  -858993460
         923 ,  -858993460
         924 ,  -858993460
         924 ,  -858993460
         924 ,  -858993460
         924 ,  -858993460
         925 ,  -858993460
         925 ,  -858993460
         925 ,  -858993460
         925 ,  -858993460
         926 ,  -858993460
         926 ,  -858993460
         926 ,  -858993460
         926 ,  -858993460
         927 ,  -858993460
         927 ,  -858993460
         927 ,  -858993460
         927 ,  -858993460
         928 ,  -858993460
         928 ,  -858993460
         928 ,  -858993460
         928 ,  -858993460
         929 ,  -858993460
         929 ,  -858993460
         929 ,  -858993460
         929 ,  -858993460
         930 ,  -858993460
         930 ,  -858993460
         930 ,  -858993460
         930 ,  -858993460
         931 ,  -858993460
         931 ,  -858993460
         931 ,  -858993460
         931 ,  -858993460
         932 ,  -858993460
         932 ,  -858993460
         932 ,  -858993460
         932 ,  -858993460
         933 ,  -858993460
         933 ,  -858993460
         933 ,  -858993460
         933 ,  -858993460
         934 ,  -858993460
         934 ,  -858993460
         934 ,  -858993460
         934 ,  -858993460
         935 ,  -858993460
         935 ,  -858993460
         935 ,  -858993460
         935 ,  -858993460
         936 ,  -858993460
         936 ,  -858993460
         936 ,  -858993460
         936 ,  -858993460
         937 ,  -858993460
         937 ,  -858993460
         937 ,  -858993460
         937 ,  -858993460
         938 ,  -858993460
         938 ,  -858993460
         938 ,  -858993460
         938 ,  -858993460
         939 ,  -858993460
         939 ,  -858993460
         939 ,  -858993460
         939 ,  -858993460
         940 ,  -858993460
         940 ,  -858993460
         940 ,  -858993460
         940 ,  -858993460
         941 ,  -858993460
         941 ,  -858993460
         941 ,  -858993460
         941 ,  -858993460
         942 ,  -858993460
         942 ,  -858993460
         942 ,  -858993460
         942 ,  -858993460
         943 ,  -858993460
         943 ,  -858993460
         943 ,  -858993460
         943 ,  -858993460
         944 ,  -858993460
         944 ,  -858993460
         944 ,  -858993460
         944 ,  -858993460
         945 ,  -858993460
         945 ,  -858993460
         945 ,  -858993460
         945 ,  -858993460
         946 ,  -858993460
         946 ,  -858993460
         946 ,  -858993460
         946 ,  -858993460
         947 ,  -858993460
         947 ,  -858993460
         947 ,  -858993460
         947 ,  -858993460
         948 ,  -858993460
         948 ,  -858993460
         948 ,  -858993460
         948 ,  -858993460
         949 ,  -858993460
         949 ,  -858993460
         949 ,  -858993460
         949 ,  -858993460
         950 ,  -858993460
         950 ,  -858993460
         950 ,  -858993460
         950 ,  -858993460
         951 ,  -858993460
         951 ,  -858993460
         951 ,  -858993460
         951 ,  -858993460
         952 ,  -858993460
         952 ,  -858993460
         952 ,  -858993460
         952 ,  -858993460
         953 ,  -858993460
         953 ,  -858993460
         953 ,  -858993460
         953 ,  -858993460
         954 ,  -858993460
         954 ,  -858993460
         954 ,  -858993460
         954 ,  -858993460
         955 ,  -858993460
         955 ,  -858993460
         955 ,  -858993460
         955 ,  -858993460
         956 ,  -858993460
         956 ,  -858993460
         956 ,  -858993460
         956 ,  -858993460
         957 ,  -858993460
         957 ,  -858993460
         957 ,  -858993460
         957 ,  -858993460
         958 ,  -858993460
         958 ,  -858993460
         958 ,  -858993460
         958 ,  -858993460
         959 ,  -858993460
         959 ,  -858993460
         959 ,  -858993460
         959 ,  -858993460
         960 ,  -858993460
         960 ,  -858993460
         960 ,  -858993460
         960 ,  -858993460
         961 ,  -858993460
         961 ,  -858993460
         961 ,  -858993460
         961 ,  -858993460
         962 ,  -858993460
         962 ,  -858993460
         962 ,  -858993460
         962 ,  -858993460
         963 ,  -858993460
         963 ,  -858993460
         963 ,  -858993460
         963 ,  -858993460
         964 ,  -858993460
         964 ,  -858993460
         964 ,  -858993460
         964 ,  -858993460
         965 ,  -858993460
         965 ,  -858993460
         965 ,  -858993460
         965 ,  -858993460
         966 ,  -858993460
         966 ,  -858993460
         966 ,  -858993460
         966 ,  -858993460
         967 ,  -858993460
         967 ,  -858993460
         967 ,  -858993460
         967 ,  -858993460
         968 ,  -858993460
         968 ,  -858993460
         968 ,  -858993460
         968 ,  -858993460
         969 ,  -858993460
         969 ,  -858993460
         969 ,  -858993460
         969 ,  -858993460
         970 ,  -858993460
         970 ,  -858993460
         970 ,  -858993460
         970 ,  -858993460
         971 ,  -858993460
         971 ,  -858993460
         971 ,  -858993460
         971 ,  -858993460
         972 ,  -858993460
         972 ,  -858993460
         972 ,  -858993460
         972 ,  -858993460
         973 ,  -858993460
         973 ,  -858993460
         973 ,  -858993460
         973 ,  -858993460
         974 ,  -858993460
         974 ,  -858993460
         974 ,  -858993460
         974 ,  -858993460
         975 ,  -858993460
         975 ,  -858993460
         975 ,  -858993460
         975 ,  -858993460
         976 ,  -858993460
         976 ,  -858993460
         976 ,  -858993460
         976 ,  -858993460
         977 ,  -858993460
         977 ,  -858993460
         977 ,  -858993460
         977 ,  -858993460
         978 ,  -858993460
         978 ,  -858993460
         978 ,  -858993460
         978 ,  -858993460
         979 ,  -858993460
         979 ,  -858993460
         979 ,  -858993460
         979 ,  -858993460
         980 ,  -858993460
         980 ,  -858993460
         980 ,  -858993460
         980 ,  -858993460
         981 ,  -858993460
         981 ,  -858993460
         981 ,  -858993460
         981 ,  -858993460
         982 ,  -858993460
         982 ,  -858993460
         982 ,  -858993460
         982 ,  -858993460
         983 ,  -858993460
         983 ,  -858993460
         983 ,  -858993460
         983 ,  -858993460
         984 ,  -858993460
         984 ,  -858993460
         984 ,  -858993460
         984 ,  -858993460
         985 ,  -858993460
         985 ,  -858993460
         985 ,  -858993460
         985 ,  -858993460
         986 ,  -858993460
         986 ,  -858993460
         986 ,  -858993460
         986 ,  -858993460
         987 ,  -858993460
         987 ,  -858993460
         987 ,  -858993460
         987 ,  -858993460
         988 ,  -858993460
         988 ,  -858993460
         988 ,  -858993460
         988 ,  -858993460
         989 ,  -858993460
         989 ,  -858993460
         989 ,  -858993460
         989 ,  -858993460
         990 ,  -858993460
         990 ,  -858993460
         990 ,  -858993460
         990 ,  -858993460
         991 ,  -858993460
         991 ,  -858993460
         991 ,  -858993460
         991 ,  -858993460
         992 ,  -858993460
         992 ,  -858993460
         992 ,  -858993460
         992 ,  -858993460
         993 ,  -858993460
         993 ,  -858993460
         993 ,  -858993460
         993 ,  -858993460
         994 ,  -858993460
         994 ,  -858993460
         994 ,  -858993460
         994 ,  -858993460
         995 ,  -858993460
         995 ,  -858993460
         995 ,  -858993460
         995 ,  -858993460
         996 ,  -858993460
         996 ,  -858993460
         996 ,  -858993460
         996 ,  -858993460
         997 ,  -858993460
         997 ,  -858993460
         997 ,  -858993460
         997 ,  -858993460
         998 ,  -858993460
         998 ,  -858993460
         998 ,  -858993460
         998 ,  -858993460
         999 ,  -858993460
         999 ,  -858993460
         999 ,  -858993460
         999 ,  -858993460
        1000 ,  -858993460
        1000 ,  -858993460
        1000 ,  -858993460
        1000 ,  -858993460
        1001 ,  -858993460
        1001 ,  -858993460
        1001 ,  -858993460
        1001 ,  -858993460
