           2 ,  0.000000000000000E+000
           3 ,  0.000000000000000E+000
           4 ,  0.000000000000000E+000
           5 ,  0.000000000000000E+000
           6 ,  0.000000000000000E+000
           7 ,  0.000000000000000E+000
           8 ,  0.000000000000000E+000
           9 ,  0.000000000000000E+000
          10 ,  0.000000000000000E+000
          11 ,  0.000000000000000E+000
          12 ,  0.000000000000000E+000
          13 ,  0.000000000000000E+000
          14 ,  0.000000000000000E+000
          15 ,  0.000000000000000E+000
          16 ,  0.000000000000000E+000
          17 ,  0.000000000000000E+000
          18 ,  0.000000000000000E+000
          19 ,  0.000000000000000E+000
          20 ,  0.000000000000000E+000
          21 ,  0.000000000000000E+000
          22 ,  0.000000000000000E+000
          23 ,  0.000000000000000E+000
          24 ,  0.000000000000000E+000
          25 ,  0.000000000000000E+000
          26 ,  0.000000000000000E+000
          27 ,  0.000000000000000E+000
          28 ,  0.000000000000000E+000
          29 ,  0.000000000000000E+000
          30 ,  0.000000000000000E+000
          31 ,  0.000000000000000E+000
          32 ,  0.000000000000000E+000
          33 ,  0.000000000000000E+000
          34 ,  0.000000000000000E+000
          35 ,  0.000000000000000E+000
          36 ,  0.000000000000000E+000
          37 ,  0.000000000000000E+000
          38 ,  0.000000000000000E+000
          39 ,  0.000000000000000E+000
          40 ,  0.000000000000000E+000
          41 ,  0.000000000000000E+000
          42 ,  0.000000000000000E+000
          43 ,  0.000000000000000E+000
          44 ,  0.000000000000000E+000
          45 ,  0.000000000000000E+000
          46 ,  0.000000000000000E+000
          47 ,  0.000000000000000E+000
          48 ,  0.000000000000000E+000
          49 ,  0.000000000000000E+000
          50 ,  0.000000000000000E+000
          51 ,  0.000000000000000E+000
          52 ,  0.000000000000000E+000
          53 ,  0.000000000000000E+000
          54 ,  0.000000000000000E+000
          55 ,  0.000000000000000E+000
          56 ,  0.000000000000000E+000
          57 ,  0.000000000000000E+000
          58 ,  0.000000000000000E+000
          59 ,  0.000000000000000E+000
          60 ,  0.000000000000000E+000
